4
9
19
33
47
66
98
117
147
205
222
263
361
366
500
589
686
794
914
1,042
1,184
1,337
1,503
1,681
1,873
2,080
2,299
2,535
2,786
3,051
3,335
3,634
3,951
4,286
4,639
3,997
5,316
4,536
6,055
5,117
6,856
5,744
7,721
6,417
8,654
7,136
9,658
7,903
10,734
8,722
11,883
9,592
13,110
10,515
14,417
11,492
15,805
12,526
17,278
13,616
18,837
14,766
20,485
15,976
22,224
17,247
24,059
18,581
25,989
19,980
28,017
21,446
30,146
22,978
32,379
24,580
34,717
26,252
37,165
27,995
39,722
29,812
42,392
31,704
45,179
33,670
48,083
35,715
51,108
37,839
54,254
40,043
57,526
42,330
60,925
44,699
64,455
47,153
68,116