9
48
39
39
44
57
78
105
141
182
231
288
351
423
500
585
678
777
885
998
1,119
1,248
1,383
1,527
1,676
1,833
1,998
2,169
2,349
2,534
2,727
2,928
3,135
3,351
3,572
3,801
4,038
4,281
4,533
4,790
5,055
5,328
5,607
5,895
6,188
6,489
6,798
7,113
7,437
7,766
8,103
8,448
8,799
9,159
9,524
9,897
10,278
10,665
11,061
11,462
11,871
12,288
12,711
13,143
13,580
14,025
14,478
14,937
15,405
15,878
16,359
16,848
17,343
17,847
18,356
18,873
19,398
19,929
20,469
21,014
21,567
22,128
22,695
23,271
23,852
24,441
25,038
25,641
26,253
26,870
27,495
28,128
28,767
29,415
30,068
30,729
31,398
32,073
32,757