10
23
47
76
114
158
212
271
339
413
497
586
684
788
902
1,021
1,149
1,283
1,427
1,576
1,734
1,898
2,072
2,251
2,439
2,633
2,837
3,046
3,264
3,488
3,722
3,961
4,209
4,463
4,727
4,996
5,274
5,558
5,852
6,151
6,459
6,773
7,097
7,426
7,764
8,108
8,462
8,821
9,189
9,563
9,947
10,336
10,734
11,138
11,552
11,971
12,399
12,833
13,277
13,726
14,184
14,648
15,122
15,601
16,089
16,583
17,087
17,596
18,114
18,638
19,172
19,711
20,259
20,813
21,377
21,946
22,524
23,108
23,702
24,301
24,909
25,523
26,147
26,776
27,414
28,058
28,712
29,371
30,039
30,713
31,397
32,086
32,784
33,488
34,202
34,921
35,649
36,383
37,127