15
37
70
115
169
231
305
384
474
569
672
781
897
1,018
1,144
1,274
1,409
1,547
1,689
1,832
1,978
2,127
2,275
2,425
2,575
2,725
2,873
3,022
3,168
3,311
3,453
3,591
3,726
3,856
3,982
4,103
4,219
4,328
4,431
4,526
4,616
4,695
4,769
4,831
4,885
4,930
4,963
4,986
4,999
6,324
6,471
6,615
6,755
6,891
7,023
7,150
7,274
7,391
7,506
7,613
7,715
7,812
7,903
7,988
8,065
8,137
8,201
9,572
9,052
9,870
10,030
9,409
10,307
10,457
9,724
10,710
10,847
9,995
11,073
11,197
10,216
11,393
11,504
10,382
11,667
11,762
10,488
11,889
11,968
10,532
12,056
12,115
10,508
12,163
12,202
10,411
12,206
8,343
8,118