6
15
30
49
72
102
135
174
217
264
318
375
438
505
576
654
735
822
913
1,008
1,110
1,215
1,326
1,441
1,560
1,686
1,815
1,950
2,089
2,232
2,382
2,535
2,694
2,857
3,024
3,198
3,375
3,558
3,745
3,936
4,134
4,335
4,542
4,753
4,968
5,190
5,415
5,646
5,881
6,120
6,366
6,615
6,870
7,129
7,392
7,662
7,935
8,214
8,497
8,784
9,078
9,375
9,678
9,985
10,296
10,614
10,935
11,262
11,593
11,928
12,270
12,615
12,966
13,321
13,680
14,046
14,415
14,790
15,169
15,552
15,942
16,335
16,734
17,137
17,544
17,958
18,375
18,798
19,225
19,656
20,094
20,535
20,982
21,433
21,888
22,350
22,815
23,286
23,761