8
19
37
61
91
127
169
217
271
331
397
469
547
631
721
817
919
1,027
1,141
1,261
1,387
1,519
1,657
1,801
1,951
2,107
2,269
2,437
2,611
2,791
2,977
3,169
3,367
3,571
3,781
3,997
4,219
4,447
4,681
4,921
5,167
5,419
5,677
5,941
6,211
6,487
6,769
7,057
7,351
7,651
7,957
8,269
8,587
8,911
9,241
9,577
9,919
10,267
10,621
10,981
11,347
11,719
12,097
12,481
12,871
13,267
13,669
14,077
14,491
14,911
15,337
15,769
16,207
16,651
17,101
17,557
18,019
18,487
18,961
19,441
19,927
20,419
20,917
21,421
21,931
22,447
22,969
23,497
24,031
24,571
25,117
25,669
26,227
26,791
27,361
27,937
28,519
29,107
29,701